86400 4.0 
86400 4.4 
464881 4.6 
1039998 3.9 
1170907 4.2 
1205120 4.0 
1274476 4.3 
1319157 4.4 
1745658 4.0 
1933542 6.3 
1966527 4.0 
2102385 3.8 
2191532 4.4 
2278645 4.3 
2310104 4.4 
2363738 4.4 
2659679 4.3 
2692617 3.9 
2954087 4.4 
2967721 4.5 
2968748 4.6 
3053671 4.0 
3072178 4.9 
3227821 4.8 
3651247 4.0 
3653458 4.0 
4277016 5.4 
4516446 4.5 
4538697 4.3 
5125607 3.7 
5218661 4.3 
5290680 4.0 
5293793 4.5 
5342848 4.6 
5386598 4.6 
5487320 3.8 
5567381 4.9 
5755638 4.4 
5850974 4.4 
6220429 4.1 
6232589 4.0 
6244269 4.2 
6596296 4.0 
6605211 4.4 
6749740 5.0 
7093338 4.2 
7455768 5.0 
8088128 4.2 
8420160 4.4 
8420754 4.5 
8698876 4.5 
8731383 4.4 
9041448 5.2 
9171639 4.7 
9268605 4.7 
9288245 4.6 
9404060 4.4 
9621254 4.2 
9709352 4.4 
9824052 4.0 
10029115 4.0 
10155625 3.9 
10296299 4.5 
10341340 5.5 
10343294 4.3 
10350314 4.0 
10636915 3.9 
10752527 4.3 
10892046 4.0 
11022923 6.1 
11076033 4.0 
11079920 4.7 
11150116 4.3 
11166531 4.6 
11259611 4.3 
11600810 3.8 
11768360 4.8 
11817084 4.6 
11847398 4.3 
12129374 4.7 
12146714 4.6 
12256885 3.9 
12479438 4.0 
12879136 4.4 
13118278 6.1 
13193341 4.3 
13491141 4.7 
13876292 4.1 
13961949 3.9 
14350314 4.7 
14778718 4.3 
14817544 4.0 
14834151 4.2 
14857076 4.0 
14915623 4.2 
15060669 4.2 
15323177 5.6 
15326759 4.3 
15356505 5.2 
15450981 3.8 
15526628 4.2 
15634430 4.0 
15648869 4.1 
15861458 4.3 
15895002 4.2 
16019221 4.2 
16063052 4.5 
16073239 4.9 
16076191 4.7 
16090697 4.1 
16248057 4.8 
16286626 3.9 
16415989 4.7 
16442899 4.6 
16449350 3.8 
16496724 4.3 
16617698 4.6 
16819790 4.0 
17560942 3.7 
17573433 4.5 
17807364 4.5 
17859419 3.7 
17933578 6.4 
17933578 6.4 
17996292 4.1 
18034893 3.8 
18050279 4.4 
18080262 4.0 
18082698 4.1 
18271102 4.3 
18338254 4.9 
18368743 5.4 
18409115 4.4 
18427666 3.9 
18486103 4.4 
18711031 4.3 
18869249 4.9 
19437261 4.0 
19483724 4.0 
19553927 4.2 
19826216 3.9 
19857549 3.5 
19944081 3.9 
20328967 4.8 
20590183 4.2 
20840066 4.5 
20998743 4.8 
21054048 4.4 
21150762 4.0 
21220871 4.2 
21268727 3.7 
21274239 3.9 
21714736 4.1 
21719351 4.0 
21738824 4.3 
21741754 4.0 
22030630 3.8 
22065399 4.0 
22154568 4.6 
22336261 4.5 
22423323 4.4 
22562393 4.3 
22840425 4.4 
22931020 5.0 
23020353 3.9 
23165162 4.5 
23337818 4.8 
23783230 4.5 
23792841 4.2 
23964339 4.0 
24032551 4.2 
24266713 3.7 
24474040 4.6 
24642672 4.0 
24694651 4.3 
24859687 3.9 
24992502 3.8 
25231458 5.5 
25244595 4.4 
25616617 3.9 
25637430 3.9 
25659578 4.3 
25767129 4.7 
25768095 4.3 
26027216 4.7 
26044340 5.1 
26094262 4.0 
26136175 3.9 
26563948 3.9 
26592753 6.0 
26809111 3.9 
26819022 4.0 
27058599 4.8 
27238692 4.2 
27397507 4.3 
27421558 3.8 
27422111 4.1 
27652013 4.6 
27659739 4.2 
27753341 4.2 
28014340 3.9 
28041283 4.4 
28105469 5.8 
28188635 4.1 
28275035 9.0
28361435 12.4
28447835 7.6
28534235 7.9
28620635 4.2
28707035 9.0
28793435 9.3
28879835 10.4
28966235 4.0
29052635 12.3
29139035 6.0
29225435 3.8
29311835 9.4
29398235 10.3
29484635 11.4
29571035 5.4
29657435 12.3
29743835 3.9
29830235 11.4
29916635 5.5
30003035 6.6
30089435 11.0
30175835 7.9
30262235 4.8
30262235 6.0
30262235 37.0
30262235 5.4
30262235 31.5
30262235 38.3
30262235 8.7
30262235 30.3
30262235 23.0
30262235 28.5
30262235 26.6
30262235 10.6
30262235 30.8
30262235 5.9
30262235 24.4
30262235 24.4
30262235 29.1
30262235 5.0
30262235 13.2
30262235 28.0
30262235 13.4
30262235 28.0
30262235 20.2
30262235 43.0
30262235 34.2
30262235 24.4
30262235 40.5
30262235 41.5
30262235 24.4
30262235 47.2
30262235 26.7
30262235 36.7
30262235 34.6
30262235 32.4
30262235 12.2
30262235 9.4
30262235 7.0
30262235 14.0
30262235 44.9
30262235 38.5
30262235 49.5
30262235 29.3
30262235 39.0
30262235 45.9
30262235 39.3
30262235 38.0
30262235 27.1
30262235 37.0
30262235 22.7
30262235 43.3
30262235 7.6
